              precision    recall  f1-score   support

           0       0.63      0.74      0.68     13505
           1       0.81      0.82      0.82     13042
           2       0.58      0.50      0.54      7304
           3       0.59      0.41      0.49      2202
           4       0.40      0.24      0.30      1312
           5       0.69      0.56      0.62      1030

    accuracy                           0.68     38395
   macro avg       0.62      0.55      0.57     38395
weighted avg       0.68      0.68      0.67     38395
