              precision    recall  f1-score   support

           0       0.67      0.65      0.66     13505
           1       0.80      0.84      0.82     13042
           2       0.54      0.60      0.57      7304
           3       0.56      0.49      0.52      2202
           4       0.41      0.27      0.33      1312
           5       0.70      0.51      0.59      1030

    accuracy                           0.68     38395
   macro avg       0.61      0.56      0.58     38395
weighted avg       0.68      0.68      0.68     38395
