              precision    recall  f1-score   support

           0       0.69      0.78      0.73     13505
           1       0.84      0.86      0.85     13042
           2       0.71      0.51      0.59      7304
           3       0.63      0.75      0.69      2202
           4       0.58      0.44      0.50      1312
           5       0.91      0.81      0.86      1030

    accuracy                           0.74     38395
   macro avg       0.73      0.69      0.70     38395
weighted avg       0.74      0.74      0.74     38395
