              precision    recall  f1-score   support

           0       0.57      0.84      0.68     13505
           1       0.78      0.87      0.82     13042
           2       0.74      0.30      0.42      7304
           3       0.81      0.20      0.32      2202
           4       0.82      0.01      0.01      1312
           5       0.95      0.48      0.64      1030

    accuracy                           0.67     38395
   macro avg       0.78      0.45      0.48     38395
weighted avg       0.71      0.67      0.64     38395
