              precision    recall  f1-score   support

           0       0.71      0.47      0.56     13505
           1       0.25      0.36      0.30      1585
           2       0.41      0.58      0.48       590
           3       0.80      0.60      0.69     13042
           4       0.61      0.47      0.53      7304
           5       0.14      0.32      0.19       501
           6       0.27      0.48      0.35       880
           7       0.57      0.65      0.61      2202
           8       0.37      0.73      0.49       431
           9       0.21      0.28      0.24       496
          10       0.35      0.47      0.40      1312
          11       0.15      0.27      0.19       322
          12       0.31      0.58      0.41       646
          13       0.32      0.75      0.45       730
          14       0.22      0.23      0.22       766
          15       0.24      0.45      0.31       389
          16       0.70      0.90      0.79      1030
          17       0.21      0.28      0.24       772
          18       0.09      0.13      0.11       317
          19       0.08      0.25      0.12       243
          20       0.16      0.21      0.18       181
          21       0.04      0.13      0.07       261
          22       0.12      0.44      0.19       670
          23       0.68      0.70      0.69       189
          24       0.12      0.19      0.15       276
          25       0.21      0.54      0.30       130

    accuracy                           0.51     48770
   macro avg       0.32      0.44      0.36     48770
weighted avg       0.60      0.51      0.54     48770
