              precision    recall  f1-score   support

           0       0.62      0.83      0.71     13505
           1       0.79      0.87      0.83     13042
           2       0.75      0.44      0.55      7304
           3       0.86      0.36      0.51      2202
           4       0.80      0.12      0.21      1312
           5       0.97      0.63      0.76      1030

    accuracy                           0.71     38395
   macro avg       0.80      0.54      0.60     38395
weighted avg       0.73      0.71      0.69     38395
