              precision    recall  f1-score   support

           0       0.35      0.79      0.48     13505
           1       0.34      0.18      0.23     13042
           2       0.18      0.02      0.04      7304
           3       0.00      0.00      0.00      2202
           4       0.00      0.00      0.00      1312
           5       0.00      0.00      0.00      1030

    accuracy                           0.34     38395
   macro avg       0.14      0.16      0.13     38395
weighted avg       0.27      0.34      0.26     38395
